4024
4074
47301
47433
47479
47551
47608
48064
48132
48224
48395
48577
48643
48697
48758
48809
48917
48990
49063
49129
49466
49516
49561
50967
51122
51167
52018
52117
52180
52262
53905
53993
54556
54695
54774
54855
54983
55123
55220
55949
56034
56284
56294
56382
56433
56541
56618
56851
56905
57588
57637
57896
59698
59755
59832
59933
60035
60106
60221
60328
60373
60533
60564
60620
60726
60792
60903
61010
61083
61170
61225
61426
61434
61443
61472
61480
61561
61571
61713
61721
61776
61788
62256
62302
62349
62440
62520
62598
62964
63007
63075
63257
63838
63870
63943
63985
64050
64187
64195
64229
64236
64293
64458
64493
64588
64668
64737
64913
64932
65025
65072
65179
65217
66083
66180
66285
66304
66880
66998
67169
67394
67480
67621
68268
68394
68479
68520
68606
68732
68777
69149
69261
69452
69495
69587
69694
69783
69909
70060
70089
70163
70300
70446
70566
70653
70757
70889
71052
71150
73038
73453
73554
73643
73990
74040
75155
75427
76754
77341
77390
77487
77590
77648
77681
78003
78204
78281
78400
78453
78528
78630
78744
78816
78856
78974
80115
80154
80161
81369
81435
90865
90985
91160
91221
91283
91331
91493
91531
91559
91587
91700
91749
91800
91915
91994
92052
92101
92140
92889
92963
93137
93172
93231
93331
93398
93570
93637
93688
93733
93788
93826
93862
93898
93954
94481
94519
94565
94638
94678
94726
94784
94812
94857
94889
94931
94972
95020
95064
95097
95136
95168
95215
95268
95310
95348
95401
95535
95563
95611
95654
95692
95748
95890
95942
95986
96034
96072
96131
96161
96197
96226
96319
96349
96379
96462
96545
96593
96623
96671
96702
96745
96786
96885
96916
97231
97280
97317
419
466
477
539
597
646
678
724
818
870
905
936
972
1025
1058
1113
1139
1179
1222
1258
1313
1354
1380
3573
3609
3657
3714
3760
3848
4216
4549
4587
4624
4677
4716
4883
5044
5077
5153
5888
20435
20487
20663
23943
24124
24367
24606
24660
24858
24907
25111
25400
25472
25536
25582
25723
25787
25858
25934
26111
26154
26221
26372
26437
26619
26678
26726
26805
26897
27071
28785
29021
29245
29413
29514
29716
29875
29990
30090
30546
30703
30828
30972
31146
31450
31658
31962
32109
32202
32307
32388
32542
32649
33131
34347
41248
41604
44063
44278
44389
44498
44625
44733
44865
44958
45055
45129
45219
45308
45573
45706
45787
45887
46009
46101
46192
46740
46862
46954
47117
47249
47404
47570
47702
47816
48021
48121
48498
48600
48730
48955
49234
49335
49428
49577
49742
50999
51055
51154
51299
51477
51572
51685
51882
52089
52218
52356
52706
52882
52979
53214
53325
53436
54072
54180
54257
54361
54512
54640
54770
54911
55185
55232
55387
55477
55586
55813
56014
56146
56238
56246
56450
56761
56851
56999
57120
57445
57685
57876
57971
58135
58305
58456
58571
58637
58728
58805
58983
59131
59263
59667
59837
62774
63024
63405
63517
63607
64319
64376
64438
64570
64906
65029
65188
65297
66281
66695
67414
67699
67867
68353
68517
68639
81059
81115
81190
81267
81360
81433
81511
81568
81660
81743
81799
81847
81907
81965
82034
82094
82152
82187
82248
82321
44206
45480
45609
45763
46092
46308
47919
48085
48192
48324
48634
48704
49037
49140
49192
49323
49485
49624
82558
82793
86167
98774
99145
99820
99958
3534
3926
3949
4022
5416
5681
37147
37282
37464
37613
43961
43996
48243
48416
48924
49038
49118
49208
49273
49372
49537
49627
49689
49779
49927
49985
50075
50125
50186
50539
50740
50766
50818
50905
51066
51150
51241
51364
51411
52248
52462
52598
52779
52821
52929
53224
53508
54098
54167
54348
54420
63471
63763
63808
63898
64026
64108
64154
64361
64551
64596
64668
64707
64757
64775
65919
65958
66030
68301
68434
68564
68620
68778
68874
69575
69622
69655
69683
69730
69777
70170
70293
70878
76466
76790
77619
77854
77876
78058
78426
78488
78703
81053
81190
81316
81962
82253
82461
82681
83167
83250
83429
83617
83863
83922
84055
84160
84286
84341
84399
84436
84489
84512
84566
84841
84866
85036
85098
85122
85654
85946
86085
86225
86503
86519
86553
86569
86584
86628
86689
86756
86921
87058
89728
89752
90337
90630
90648
90860
90982
91204
91347
91551
91719
91894
97845
97869
98528
98552
98571
98726
98752
99061
